30:30
16
1,6 1,23
2,5 2,24
3,4 3,25
4,3 4,26
5,2 5,27
6,1 6,28
7,0 7,29
8,0 8,29
9,0 9,29
10,0 10,29
11,0 11,29
12,0 12,29
13,0 13,29
14,0 14,29
15,0 15,14 15,15 15,29
16,0 16,13 16,14 16,15 16,16 16,29
17,0 17,12 17,13 17,14 17,15 17,16 17,17 17,29
18,0 18,29
19,0 19,29
20,0 20,29
21,0 21,29
22,0 22,29
23,0 23,29
24,0 24,29
25,0 25,5 25,24 25,29
26,0 26,4 26,25 26,29
27,0 27,3 27,26 27,29
28,0 28,2 28,27 28,29
29,0 29,1 29,28 29,29
30,0 30,1 30,2 30,3 30,4 30,5 30,6 30,7 30,8 30,9 30,10 30,11 30,12 30,13 30,14 30,15 30,16 30,17 30,18 30,19 30,20 30,21 30,22 30,23 30,24 30,25 30,26 30,27 30,28 30,29